150
4
0 0 10
0 1 1
0 2 0
0 3 0
1 0 11
1 1 2
1 2 1
1 3 0
2 0 12
2 1 3
2 2 2
2 3 1
3 0 13
3 1 4
3 2 3
3 3 2
4 0 14
4 1 5
4 2 4
4 3 3
5 0 15
5 1 6
5 2 5
5 3 4
6 0 16
6 1 7
6 2 6
6 3 5
7 0 17
7 1 8
7 2 7
7 3 6
8 0 18
8 1 9
8 2 8
8 3 7
9 0 19
9 1 9
9 2 9
9 3 8
10 0 20
10 1 11
10 2 0
10 3 10
11 0 21
11 1 12
11 2 1
11 3 10
12 0 22
12 1 13
12 2 2
12 3 11
13 0 23
13 1 14
13 2 3
13 3 12
14 0 24
14 1 15
14 2 4
14 3 13
15 0 25
15 1 16
15 2 5
15 3 14
16 0 26
16 1 17
16 2 6
16 3 15
17 0 27
17 1 18
17 2 7
17 3 16
18 0 28
18 1 19
18 2 8
18 3 17
19 0 29
19 1 19
19 2 9
19 3 18
20 0 30
20 1 21
20 2 10
20 3 20
21 0 31
21 1 22
21 2 11
21 3 20
22 0 32
22 1 23
22 2 12
22 3 21
23 0 33
23 1 24
23 2 13
23 3 22
24 0 34
24 1 25
24 2 14
24 3 23
25 0 35
25 1 26
25 2 15
25 3 24
26 0 36
26 1 27
26 2 16
26 3 25
27 0 37
27 1 28
27 2 17
27 3 26
28 0 38
28 1 29
28 2 18
28 3 27
29 0 39
29 1 29
29 2 19
29 3 28
30 0 40
30 1 31
30 2 20
30 3 30
31 0 41
31 1 32
31 2 21
31 3 30
32 0 42
32 1 33
32 2 22
32 3 31
33 0 43
33 1 34
33 2 23
33 3 32
34 0 44
34 1 35
34 2 24
34 3 33
35 0 45
35 1 36
35 2 25
35 3 34
36 0 46
36 1 37
36 2 26
36 3 35
37 0 47
37 1 38
37 2 27
37 3 36
38 0 48
38 1 39
38 2 28
38 3 37
39 0 49
39 1 39
39 2 29
39 3 38
40 0 50
40 1 41
40 2 30
40 3 40
41 0 51
41 1 42
41 2 31
41 3 40
42 0 52
42 1 43
42 2 32
42 3 41
43 0 53
43 1 44
43 2 33
43 3 42
44 0 54
44 1 45
44 2 34
44 3 43
45 0 55
45 1 46
45 2 35
45 3 44
46 0 56
46 1 47
46 2 36
46 3 45
47 0 57
47 1 48
47 2 37
47 3 46
48 0 58
48 1 49
48 2 38
48 3 47
49 0 59
49 1 49
49 2 39
49 3 48
50 0 60
50 1 51
50 2 40
50 3 50
51 0 61
51 1 52
51 2 41
51 3 50
52 0 62
52 1 53
52 2 42
52 3 51
53 0 63
53 1 54
53 2 43
53 3 52
54 0 64
54 1 55
54 2 44
54 3 53
55 0 65
55 1 56
55 2 45
55 3 54
56 0 66
56 1 57
56 2 46
56 3 55
57 0 67
57 1 58
57 2 47
57 3 56
58 0 68
58 1 59
58 2 48
58 3 57
59 0 69
59 1 59
59 2 49
59 3 58
60 0 70
60 1 61
60 2 50
60 3 60
61 0 71
61 1 62
61 2 51
61 3 60
62 0 72
62 1 63
62 2 52
62 3 61
63 0 73
63 1 64
63 2 53
63 3 62
64 0 74
64 1 65
64 2 54
64 3 63
65 0 75
65 1 66
65 2 55
65 3 64
66 0 76
66 1 67
66 2 56
66 3 65
67 0 77
67 1 68
67 2 57
67 3 66
68 0 78
68 1 69
68 2 58
68 3 67
69 0 79
69 1 69
69 2 59
69 3 68
70 0 80
70 1 71
70 2 60
70 3 70
71 0 81
71 1 72
71 2 61
71 3 70
72 0 82
72 1 73
72 2 62
72 3 71
73 0 83
73 1 74
73 2 63
73 3 72
74 0 84
74 1 75
74 2 64
74 3 73
75 0 85
75 1 76
75 2 65
75 3 74
76 0 86
76 1 77
76 2 66
76 3 75
77 0 87
77 1 78
77 2 67
77 3 76
78 0 88
78 1 79
78 2 68
78 3 77
79 0 89
79 1 79
79 2 69
79 3 78
80 0 90
80 1 81
80 2 70
80 3 80
81 0 91
81 1 82
81 2 71
81 3 80
82 0 92
82 1 83
82 2 72
82 3 81
83 0 93
83 1 84
83 2 73
83 3 82
84 0 94
84 1 85
84 2 74
84 3 83
85 0 95
85 1 86
85 2 75
85 3 84
86 0 96
86 1 87
86 2 76
86 3 85
87 0 97
87 1 88
87 2 77
87 3 86
88 0 98
88 1 89
88 2 78
88 3 87
89 0 99
89 1 89
89 2 79
89 3 88
90 0 100
90 1 91
90 2 80
90 3 90
91 0 101
91 1 92
91 2 81
91 3 90
92 0 102
92 1 93
92 2 82
92 3 91
93 0 103
93 1 94
93 2 83
93 3 92
94 0 104
94 1 95
94 2 84
94 3 93
95 0 105
95 1 96
95 2 85
95 3 94
96 0 106
96 1 97
96 2 86
96 3 95
97 0 107
97 1 98
97 2 87
97 3 96
98 0 108
98 1 99
98 2 88
98 3 97
99 0 109
99 1 99
99 2 89
99 3 98
100 0 110
100 1 101
100 2 90
100 3 100
101 0 111
101 1 102
101 2 91
101 3 100
102 0 112
102 1 103
102 2 92
102 3 101
103 0 113
103 1 104
103 2 93
103 3 102
104 0 114
104 1 105
104 2 94
104 3 103
105 0 115
105 1 106
105 2 95
105 3 104
106 0 116
106 1 107
106 2 96
106 3 105
107 0 117
107 1 108
107 2 97
107 3 106
108 0 118
108 1 109
108 2 98
108 3 107
109 0 119
109 1 109
109 2 99
109 3 108
110 0 120
110 1 111
110 2 100
110 3 110
111 0 121
111 1 112
111 2 101
111 3 110
112 0 122
112 1 113
112 2 102
112 3 111
113 0 123
113 1 114
113 2 103
113 3 112
114 0 124
114 1 115
114 2 104
114 3 113
115 0 125
115 1 116
115 2 105
115 3 114
116 0 126
116 1 117
116 2 106
116 3 115
117 0 127
117 1 118
117 2 107
117 3 116
118 0 128
118 1 119
118 2 108
118 3 117
119 0 129
119 1 119
119 2 109
119 3 118
120 0 130
120 1 121
120 2 110
120 3 120
121 0 131
121 1 122
121 2 111
121 3 120
122 0 132
122 1 123
122 2 112
122 3 121
123 0 133
123 1 124
123 2 113
123 3 122
124 0 134
124 1 125
124 2 114
124 3 123
125 0 135
125 1 126
125 2 115
125 3 124
126 0 136
126 1 127
126 2 116
126 3 125
127 0 137
127 1 128
127 2 117
127 3 126
128 0 138
128 1 129
128 2 118
128 3 127
129 0 139
129 1 129
129 2 119
129 3 128
130 0 140
130 1 131
130 2 120
130 3 130
131 0 141
131 1 132
131 2 121
131 3 130
132 0 142
132 1 133
132 2 122
132 3 131
133 0 143
133 1 134
133 2 123
133 3 132
134 0 144
134 1 135
134 2 124
134 3 133
135 0 145
135 1 136
135 2 125
135 3 134
136 0 146
136 1 137
136 2 126
136 3 135
137 0 147
137 1 138
137 2 127
137 3 136
138 0 148
138 1 139
138 2 128
138 3 137
139 0 149
139 1 139
139 2 129
139 3 138
140 0 140
140 1 141
140 2 130
140 3 140
141 0 141
141 1 142
141 2 131
141 3 140
142 0 142
142 1 143
142 2 132
142 3 141
143 0 143
143 1 144
143 2 133
143 3 142
144 0 144
144 1 145
144 2 134
144 3 143
145 0 145
145 1 146
145 2 135
145 3 144
146 0 146
146 1 147
146 2 136
146 3 145
147 0 147
147 1 148
147 2 137
147 3 146
148 0 148
148 1 149
148 2 138
148 3 147
149 0 149
149 1 149
149 2 149
149 3 149
0 -1
1 -10
2 -1
3 -1
4 -1
5 -1
6 -1
7 -10
8 -1
9 -1
10 -1
11 -1
12 -1
13 -1
14 -1
15 -1
16 -10
17 -1
18 -10
19 -10
20 -1
21 -1
22 -1
23 -1
24 -1
25 -1
26 -1
27 -1
28 -1
29 -1
30 -1
31 -1
32 -1
33 -10
34 -1
35 -1
36 -1
37 -1
38 -1
39 -1
40 -1
41 -1
42 -10
43 -10
44 -1
45 -1
46 -1
47 -1
48 -1
49 -1
50 -1
51 -1
52 -1
53 -1
54 -1
55 -1
56 -10
57 -10
58 -1
59 -1
60 -1
61 -1
62 -1
63 -1
64 -1
65 -1
66 -1
67 -1
68 -1
69 -1
70 -1
71 -1
72 -1
73 -10
74 -1
75 -1
76 -1
77 -1
78 -10
79 -1
80 -1
81 -10
82 -1
83 -1
84 -1
85 -10
86 -1
87 -1
88 -1
89 -1
90 -1
91 -1
92 -1
93 -1
94 -1
95 -1
96 -1
97 -1
98 -1
99 -1
100 -1
101 -1
102 -10
103 -1
104 -1
105 -1
106 -10
107 -1
108 -10
109 -1
110 -1
111 -1
112 -1
113 -10
114 -1
115 -1
116 -10
117 -1
118 -1
119 -10
120 -10
121 -1
122 -1
123 -1
124 -10
125 -1
126 -1
127 -10
128 -1
129 -1
130 -1
131 -1
132 -1
133 -1
134 -1
135 -1
136 -1
137 -1
138 -1
139 -1
140 -1
141 -1
142 -1
143 -10
144 -10
145 -1
146 -1
147 -1
148 -10
149 100
