1.0 0.999846528981 1.00048927591 0.999185012782 1.00085204477 0.997747923037 0.338805452819 -0.333274963001 0.323670343543 1.0 
1.00015347102 1.00000770751 0.999437242646 1.0002162889 0.999458662326 0.337264417266 -0.334094348408 0.329747613395 -0.0524338670411 0.0350412384088 
0.999503016582 1.00052739504 0.99983258552 1.00029200936 0.33597524718 -0.333771477344 0.330997064061 -0.0554583759548 0.0417222604034 0.337208814464 
1.00085034953 0.999610691242 1.00060257855 0.334838659394 -0.333698364175 0.331426862842 -0.0585645911517 0.0454062081631 0.337546551794 -0.332947825497 
0.99948838957 1.000788353 0.334601144536 -0.333548823437 0.331891579738 -0.0593195179822 0.0489521557618 0.333679552419 -0.3340125208 0.329177672938 
1.00111047373 0.334389934818 -0.333846758387 0.332121423281 -0.0598334295276 0.0494956299192 0.332775943419 -0.333473866778 0.331010601491 0.998687561958 
0.334250964669 -0.334165485422 0.332755672379 -0.0601958530522 0.0498964934992 0.33268481771 -0.33359282522 0.331517410425 0.998484628526 0.349006045449 
-0.33427294884 0.33318514543 -0.0607936846521 0.0500792468678 0.332415298786 -0.333713045762 0.331225242751 0.999636217753 0.346388227081 -0.33108890519 
0.333405305643 -0.0611498205297 0.0499177475105 0.333022586834 -0.333698203663 0.331084915391 1.00034322388 0.344887232544 -0.328381312788 0.334107951105 
-0.0616147042659 0.0499739053596 0.333665650294 -0.334404192109 0.331436454929 1.00067532556 0.343976088214 -0.326451689569 0.331870633456 0.998568661032 
0.050151269949 0.333869534539 -0.334881478634 0.331605701956 1.00061178935 0.34325655165 -0.324468763273 0.329778157132 0.999768390655 0.999263133032 
0.334399788905 -0.33575869907 0.332012332827 1.00071461899 0.342610504949 -0.323308932284 0.328667543376 0.999945657561 0.999469762596 1.00096949456 
-0.336597787277 0.333084396762 1.00044412804 0.342388640363 -0.322246494563 0.327497751852 1.00006932929 1.00044560465 1.00008459262 0.999532424054 
0.33349628656 1.00016572664 0.341994461902 -0.321727161694 0.326812560233 1.00072158382 1.00046937169 0.999462062738 1.00020380987 1.00006111662 
1.00023677931 0.34143503799 -0.321026142055 0.326623211291 1.00092637765 1.00035212803 0.999483850086 1.00026376607 0.999938883383 1.0 
