1000 175 121 92 60 36 23 8 2 0 
825 174 121 102 84 57 47 27 8 1 
705 205 152 107 89 60 48 42 23 3 
582 215 185 149 114 77 57 47 35 12 
471 206 162 156 133 105 74 56 40 17 
382 206 159 171 144 130 105 75 61 30 
315 195 154 170 146 144 123 92 83 43 
263 188 155 179 140 154 129 105 111 57 
201 172 144 173 140 169 141 108 128 81 
148 145 150 188 156 182 168 137 144 104 
112 118 137 180 162 180 185 155 162 135 
77 83 102 150 166 183 208 199 202 184 
51 65 81 122 156 186 221 219 220 221 
31 54 74 115 143 188 240 270 292 298 
12 29 41 84 126 204 326 487 702 1000 
